$ANSIBLE_VAULT;1.1;AES256
66326437646564356263313937643035313831636261363635306664343661656166393464363030
6536366535393133373230633962623132616165333136650a363333366237393661333662313331
35663863393466366439303836313464386531636531646538323537393130663332653839346230
3565363433363437360a316430613065373562623165383261386332633637326339323338333766
64343735343833393065336531373832396461376561376239343336386330356638623561356532
39316233356335633263643636663436326131663565353563313836373861306336363831326132
31366262333035326235343235376530393065393564303938323330383661353931303939316136
63656436363330373539343139666564326230666462653539353261633061343430623034613735
65616132396465313461333834386465313761313033313031653166326630323733306132613939
62626339333531613061373934363364313833353539313335613563336139333338656562343032
33303331396339646236306339323266613536336433336534333130616333373663376266336166
33666537356164393362643165616539633264333765633231353064646331373761343235613066
30393466666665386561383038353539633837646138666438333364393239386135616561333438
35383263393433366537653030343462393133333935316430363861616336636261356437613264
64643536373131646333316435616131633733333363336563376635383165636561396636613335
63363233366665313436633034323331306633353132316233653439353537383131653932323434
62363038353531313863336261313838393961633631333438626133663862653864653831333062
30383633653135613035333135373230336131613262383961353766336636306166343064333230
36656366626231643033343561343036616632633264336631636632653166323366653636316361
63633231633532346665656537363666653838383266623964306230616132323665323031626538
39626362646161636464343065383363646230646366626166356531346333666331383234356232
61633262303262386134303161626431336565316335363639666239353533393833346166316136
65383533393437383562663434616161306436613166663531386233373931313861623039343865
64303636353533623663633138353231346361346534653631343036323837373939663564666165
65336162386334656139646466336663306363376664306137633766316138656339643531393234
36376630343165366262633036333138343033633862633262633431303437306331646638393830
38616137633832316632623266326238326538326463343739633639633035393635613863353565
61373337313630646662376266666536336661663862363733623461343566326133316661303562
62626236393462363533396436616461353635373430346333623839666237353938393831303264
32623935633665346230623438333532353561623431613534333561326564386636323664343665
30613932633833336339373634323734623065313266313866613637343865383832653635383963
34343266396133343630306131643330333963386666613533313366303738323561373136316537
66363736343734623264636531613061333433633564646434323863316661383266
