$ANSIBLE_VAULT;1.1;AES256
35623131663531343932343531393037656435313033343039636437356332643033323565306535
6363316666336461323562623635616131656433643234320a623738626261353934663734306635
64343164396136346266393731316133303337363637363362353439313263643861376439323266
6262636139323839390a363364313633643664613830303064346264343864333030636339383662
35316538313035653435656161663337343538343262366166653564616565633832386336393032
35376437633566643261646533616366336137326335633737346633396362333634616334333733
63333837626532303036303531373133636665396264636262303730376637386338653735623632
37346262386237396535636330623762363165633938643964613435623734656132333736343432
37346631323063393563366566383334386161646365623564303064393965373464396131643236
33306662656334393439343737363637306339613239313366356435633936393765326339633734
34323833323732373463363135626436643237343163313937396237323838383337383831613765
61326465306133343034613331353434663435623036313834376535343166346464316631373435
63613262356161363364383033666332346438323565623235373738633537653138306332666134
37613834366166653634643334356662636363303761333464626139363261323737663539663839
37356563396436643665366533326636623032333165656462386565343235626364613464373062
62343263666334353832623864376464393634333533636133626335643535376364643161386166
36353166636333656337626262356530616137316161333331306130363333373863643334336535
39613530343630373232313437353863363530396636393261663732346562343430323538386332
39356162303233636135663933616332393564316661653265626365643034346166386432313433
61326131363663623066346530303464303033303362623263326531316432363530643038396666
30376331323962656262306662353436303761363234336237333562383963376538353936383431
32393136393537653132623530356464313463633033306231663430613936663134313338386237
33643334663233323132346234613134626137646566616437396463613665376361373163323333
33653731343439626237376639343036623062353761346162343262336139313431626331323032
33623238666134323033656339356336646565396236363738346132303935303231653864613836
34316266336362623966363663323164656666313235666333656235396662666366326338646237
64656537396336336234303636356161383236336136333662663864616466333766663239313361
39373164343838383165356235663434333764663062326634383536613433336661316665346264
36623438396339623132336434353231663263393863613465303335313034363962303839353338
65306663383639376266386237323833376439383262333066633564643433616263623237383734
62366231306161653331656631356432393961363032353533666535363834346165613539306234
65663966326437623362333033363030363565376630356162333764343139363139366538646666
65353733353339386264326531653436336263316666633066353362616539346334306462326162
37313264636336666364343565313661363535623165656539316266323961616232376334363463
39636332393866363130373537623166383732313966633665346430353263356335613333623564
37633435346135386630323632613061316633386430333932666633663163643962376565666537
64653838633036383963366333303361643365326539623435373931663839376464633431646136
66663336356563376131383739653564643134656561616466333366633030303535323261633939
313665633032303633656262663336623833
